35393
42189
46537
49190
49195
49421
72335
79730
85564
88853
95345
95947
96325
101407
104299
116258
124557
137907
140818
155347
161355
165531
167704
168506
172501
178581
180376
180836
187846
188383
189853
215687
223475
226310
263211
264682
268483
269918
272084
272156
284207
284705
287798
288430
303835
303965
304882
313198
313332
313735
313978
315612
321707
321840
332924
333059
334295
334975
335656
336945
345421
346129
346942
347079
350396
350531
351116
352519
352728
353947
354299
354669
355151
357223
358093
358432
359000
359542
363959
365128
366186
367667
371006
371098
371233
371361
371365
373529
374139
374851
375528
377814
378228
379858
379981
380062
380633
380822
380911
381412
382728
